0.5091554 0.46506763 0.9692033 blue
0.13245183 0.7602766 0.15785831 green
0.76614445 0.26021457 0.23435444 red
0.19741172 0.46999508 0.6799081 blue
0.56642145 0.82382476 0.90559614 blue
0.4734543 0.3963744 0.28665036 red
0.51981616 0.12607366 0.7856372 purple
0.15250355 0.44830817 0.12400645 green
0.22270417 0.7890865 0.9383126 blue
0.16889846 0.84361404 0.5262494 green
0.60800624 0.3033675 0.24903488 red
0.24527687 0.8550798 0.06386256 green
0.02289772 0.42965543 0.47896832 blue
0.72773105 0.19929612 0.98551714 purple
0.039118826 0.8051298 0.025882542 green
0.74774206 0.5126918 0.6266132 purple
0.71335226 0.45052785 0.7025003 purple
0.06556684 0.05257213 0.193798 black
0.09940368 0.78571135 0.8500759 blue
0.8464505 0.38613796 0.37849957 red
0.030467868 0.22699708 0.6642486 blue
0.58866936 0.4605155 0.6468381 purple
0.8414378 0.48116088 0.11538887 orange
0.9997242 0.5374767 0.22505254 orange
0.27941924 0.64415896 0.8436762 blue
0.6831354 0.21972495 0.56308335 purple
0.6362109 0.7804129 0.048469126 green
0.34655428 0.78753704 0.489334 green
0.11856717 0.21833682 0.24039328 black
0.68824935 0.17182964 0.79702866 purple
0.041531205 0.8920696 0.63435775 green
0.36781925 0.021512568 0.66776574 blue
0.64918655 0.8541667 0.9589075 blue
0.6755322 0.5071444 0.27209514 red
0.20878845 0.7357233 0.39323187 green
0.4666322 0.9114186 0.14431292 green
0.8202217 0.25391722 0.86049294 purple
0.94345295 0.7394517 0.49812192 orange
0.81233597 0.81221014 0.2698859 yellow
0.054583192 0.6973498 0.25482875 green
0.8925114 0.21510851 0.67012256 purple
0.42463988 0.1432243 0.24457651 purple
0.85045856 0.09135741 0.58185124 purple
0.636622 0.687812 0.31394792 green
0.5993089 0.8179162 0.17794925 green
0.46213746 0.3836757 0.56348324 blue
0.30301952 0.49414837 0.73685443 blue
0.35843003 0.5125806 0.26929545 green
0.007341802 0.25381684 0.34964716 blue
0.09009051 0.97535104 0.456204 green
0.31675208 0.34121996 0.33360815 grey
0.39233464 0.21472567 0.66578084 purple
0.47687328 0.37375075 0.7419104 purple
0.9203686 0.2127958 0.20642263 red
0.46247047 0.7675652 0.6922155 green
0.31397778 0.062160134 0.016084194 red
0.5763653 0.37621242 0.90251005 purple
0.53010195 0.6276964 0.02582568 green
0.41629416 0.77304846 0.48594612 green
0.48178506 0.50653327 0.49037987 grey
0.09792322 0.8218388 0.8984868 blue
0.3278085 0.8932152 0.97619885 blue
0.7657552 0.9789888 0.054999113 yellow
0.14140153 0.989967 0.14015085 green
0.19859618 0.75753224 0.89995664 blue
0.8815328 0.12477058 0.06610447 red
0.24720418 0.41551602 0.23774862 green
0.10113245 0.4147464 0.12489027 green
0.14907676 0.46411002 0.24760914 green
0.6768552 0.29925555 0.3020668 red
0.6584523 0.5507683 0.46956003 red
0.97241354 0.8134933 0.46591896 yellow
0.67902327 0.09207082 0.121558666 red
0.9633106 0.8534897 0.17477846 yellow
0.6446448 0.25497127 0.00792557 red
0.04865104 0.25634223 0.68620336 blue
0.6751237 0.6828877 0.8588566 purple
0.3940829 0.5233835 0.45904857 grey
0.069907725 0.8761754 0.44352627 green
0.3605314 0.8842899 0.90956444 blue
0.20651358 0.33721888 0.75767285 blue
0.38711298 0.32935733 0.87639016 blue
0.41565996 0.2614439 0.7889321 purple
0.5470671 0.3237347 0.13649118 red
0.9490128 0.83405244 0.9365903 white
0.77913296 0.68695366 0.7624601 purple
0.60133785 0.5497516 0.95460993 blue
0.21708184 0.7073074 0.13609266 green
0.965986 0.7611042 0.535026 orange
0.32265967 0.36600405 0.7746776 blue
0.42670184 0.08366001 0.25589675 red
0.04026276 0.15065229 0.9157932 blue
0.12497115 0.5056325 0.06529182 green
0.72655666 0.31294155 0.09208518 orange
0.9683392 0.55798995 0.0518834 orange
0.0419299 0.8560955 0.31268704 green
0.81543934 0.9029133 0.22647667 green
0.25764418 0.7542816 0.82306314 blue
0.70867956 0.632834 0.46692723 yellow
0.9220647 0.008204877 0.341879 red
0.12503928 0.73902935 0.569614 green
0.93742603 0.46198165 0.26326823 orange
0.13130605 0.12097287 0.4948848 blue
0.34506786 0.46414274 0.23707688 green
0.10770202 0.52759904 0.8187504 blue
0.18363613 0.062439203 0.62330747 blue
0.7247204 0.6537831 0.5389707 orange
0.3825907 0.94275266 0.41659272 green
0.4850335 0.50895673 0.4460737 grey
0.98074245 0.28676814 0.20673406 orange
0.50613356 0.0607841 0.101261735 red
0.3511371 0.16572052 0.7089911 purple
0.882295 0.26359707 0.06514257 orange
0.6303665 0.49228048 0.48965788 grey
0.91064304 0.97732717 0.011040807 yellow
0.4368434 0.7604633 0.019794583 green
0.4394427 0.93349564 0.5758219 green
0.2932092 0.41153246 0.6113851 blue
0.9189553 0.36857086 0.12551731 orange
0.6655012 0.13309735 0.24047911 purple
0.3433773 0.8263831 0.9431322 blue
0.42859638 0.5713198 0.1461258 green
0.2810915 0.28917557 0.9853497 blue
0.19827735 0.06532812 0.48584217 blue
0.08067471 0.8702039 0.633274 green
0.25336546 0.56665194 0.062781155 green
0.76267374 0.7236434 0.825979 grey
0.45997888 0.90483797 0.94763464 blue
0.3831128 0.8236996 0.19750047 green
0.15996104 0.31432307 0.033614993 green
0.39811713 0.7436672 0.104972005 green
0.10622245 0.5188722 0.48292238 blue
0.4420256 0.10378581 0.15726674 red
0.95106465 0.9440287 0.4137677 yellow
0.4543411 0.29238093 0.6065261 purple
0.5152584 0.10560769 0.003769219 red
0.31531638 0.06320274 0.4717906 purple
0.28144032 0.40357852 0.54327744 blue
0.6943433 0.3308419 0.60210085 purple
0.7332413 0.57548904 0.86340827 purple
0.008654535 0.6610868 0.029089332 green
0.16042143 0.51287717 0.2512905 green
0.32141113 0.6265518 0.9148669 blue
0.4141118 0.12387872 0.556365 purple
0.30517817 0.4324988 0.6676392 blue
0.12093902 0.9953005 0.7873621 green
0.90551144 0.19666827 0.8433868 purple
0.7544833 0.48244542 0.6940099 purple
0.48047805 0.19049597 0.49615133 purple
0.3604284 0.056379855 0.4021904 purple
0.6015049 0.7316592 0.36844856 green
0.12944013 0.48180085 0.5352739 blue
0.86571103 0.7495709 0.87433326 purple
0.009449303 0.11799115 0.37782735 blue
0.0066614747 0.7185212 0.06617683 green
0.65822643 0.27361482 0.30898744 red
0.21468806 0.5406163 0.26005262 green
0.68639034 0.9579889 0.0679121 yellow
0.24926549 0.6178057 0.3451262 green
0.26260966 0.69537055 0.8480347 blue
0.75341123 0.22975558 0.50008434 purple
0.2710231 0.7279153 0.032318115 green
0.7521033 0.45417577 0.54328144 purple
0.29110366 0.8859771 0.9516683 blue
0.7295892 0.8903474 0.93516093 blue
0.9926933 0.45193923 0.9213809 purple
0.45340484 0.5232033 0.7179281 blue
0.70596653 0.9922859 0.31413704 green
0.40666693 0.76993 0.12065643 green
0.510783 0.8700405 0.03703904 green
0.57868105 0.0878976 0.27903903 red
0.35413074 0.20330155 0.9912972 blue
0.8595408 0.9580477 0.9956938 white
0.87175226 0.6811372 0.7479301 purple
0.041413248 0.97383296 0.7890474 green
0.53191084 0.046323895 0.056201816 red
0.9655552 0.926601 0.015863836 yellow
0.30426407 0.9196614 0.9895439 blue
0.6485278 0.61454844 0.8495462 blue
0.41209304 0.83908373 0.7117966 green
0.32933646 0.48762405 0.76605487 blue
0.6492241 0.800673 0.92554784 blue
0.24935818 0.95365614 0.9501192 blue
0.47341418 0.575413 0.10085487 green
0.8027649 0.7310919 0.22380644 yellow
0.19310248 0.31052893 0.24842769 black
0.3092602 0.1437732 0.7586821 blue
0.36380893 0.28319263 0.26783967 black
0.909355 0.0598132 0.80674285 purple
0.73016703 0.580333 0.4748314 grey
0.32597697 0.011925817 0.5057081 blue
0.8667526 0.94251704 0.4647814 yellow
0.9665862 0.59778196 0.6995245 purple
0.027222335 0.30918878 0.81014246 blue
0.49246508 0.49306333 0.976161 blue
0.7433334 0.89314425 0.3689555 green
0.3707332 0.34793288 0.24900508 black
0.36786962 0.8624442 0.765281 blue
0.32064134 0.25684965 0.5216003 blue
0.112796485 0.36002308 0.92333174 blue
0.27881515 0.3838678 0.14932185 green
0.72409743 0.104460716 0.108331144 red
0.93283963 0.25882936 0.02919954 red
0.2278204 0.027897298 0.23031944 black
0.29629385 0.9182563 0.91595453 blue
0.72496206 0.66591626 0.92523354 blue
0.8674948 0.65627015 0.8989972 purple
0.31118166 0.16960967 0.6402698 blue
0.49636573 0.7308043 0.53798586 green
0.7708951 0.5311779 0.62064815 purple
0.35789466 0.79666007 0.022183359 green
0.9080974 0.45610374 0.21544892 orange
0.380736 0.10283589 0.11639929 black
0.85531247 0.6811621 0.68624055 white
0.56233037 0.28473294 0.04791242 orange
0.6306275 0.38692874 0.62653995 purple
0.20065361 0.74029535 0.11028677 green
0.3021146 0.8053518 0.7096745 blue
0.44457662 0.18894535 0.051385105 red
0.56759584 0.5033882 0.39903098 grey
0.61670643 0.43964046 0.22461271 orange
0.18988323 0.499296 0.09549481 green
0.81259996 0.80593914 0.6425377 white
0.633482 0.55152094 0.54983807 purple
0.70668995 0.29915303 0.21181959 red
0.39930665 0.37937212 0.115591764 green
0.7585606 0.1560697 0.4267664 purple
0.9460533 0.18657047 0.8316049 purple
0.6444149 0.9676755 0.11804086 green
0.13020861 0.24450862 0.25800753 blue
0.43374026 0.6570102 0.8048852 blue
0.81335443 0.9769419 0.09370273 yellow
0.889821 0.08839214 0.5946517 purple
0.03710997 0.16321534 0.9622357 blue
0.99938065 0.052660644 0.595655 purple
0.9023325 0.9128357 0.15190524 yellow
0.8284562 0.15075332 0.16919863 red
0.8340141 0.026098728 0.50088906 purple
0.36587232 0.83750254 0.51508325 green
0.96522325 0.004905343 0.3190025 purple
0.27316636 0.4348408 0.6145314 blue
0.99008757 0.7358888 0.8083972 white
0.37665892 0.418706 0.61966795 blue
0.13597792 0.65658355 0.34393567 green
0.3088349 0.161677 0.1169163 red
0.5009211 0.19724041 0.3290869 purple
0.1914736 0.8370538 0.25919324 green
0.22086108 0.3374191 0.37291694 blue
0.63062453 0.88734776 0.25772095 green
0.7834251 0.54989177 0.59074163 purple
0.7825287 0.28692216 0.17675674 red
0.25948226 0.39374572 0.025119841 green
0.65892696 0.67154 0.17988992 yellow
0.4249664 0.23151726 0.21418345 black
0.1044215 0.023456931 0.3796625 blue
0.29185504 0.9968667 0.97433895 blue
0.53062755 0.7535593 0.09937668 green
0.37495583 0.40798128 0.33099443 grey
0.85609746 0.008442104 0.32544506 purple
3.0988455E-4 0.8141828 0.32559544 green
0.3625946 0.29198974 0.671051 blue
0.2352193 0.16239184 0.85651946 blue
0.48045284 0.6391243 0.8031376 blue
0.26475447 0.8154808 0.8839199 blue
0.7798403 0.75635976 0.67200226 white
0.73864055 0.4183643 0.6951467 purple
0.7543855 0.29024196 0.923715 purple
0.89066434 0.82161194 0.38538963 yellow
0.021027863 0.7817464 0.68290764 blue
0.6467677 0.79271513 0.86824906 purple
0.67656213 0.28470206 0.9062163 purple
0.5702499 0.92401135 0.7754336 blue
0.3984666 0.89701617 0.040990412 green
0.9162211 0.67323714 0.18602705 orange
0.116722584 0.111205995 0.46673232 blue
0.21729493 0.43925983 0.57404625 blue
0.5391994 0.5163483 0.39123935 grey
0.52494174 0.5028808 0.7005351 blue
0.5269057 0.0721463 0.94961977 purple
0.31680745 0.58541393 0.5923635 blue
0.4521007 0.9985684 0.54833513 green
0.75437856 0.088284254 0.22480792 red
0.7210716 0.8687393 0.424892 yellow
0.51434517 0.4043432 0.7032473 purple
0.46503168 0.07344061 0.9026936 blue
0.587995 0.91229665 0.33222145 green
0.5513905 0.19254452 0.22160578 red
0.66262984 0.979246 0.7215089 green
0.72556245 0.35578936 0.5251915 purple
0.88166136 0.78101516 0.1741724 yellow
0.321797 0.7825975 0.21298558 green
0.9537487 0.047046363 0.44526446 purple
0.06328052 0.48656738 0.6544119 blue
0.18274838 0.8021665 0.3772701 green
0.07238352 0.324327 0.13436854 green
0.7425463 0.047976255 0.72151625 purple
0.97570366 0.019301057 0.95237434 purple
0.8187696 0.49245495 0.16473782 orange
0.50690377 0.52070946 0.28545845 green
0.7096927 0.38821638 0.8173292 purple
0.64095277 0.39606023 0.4752977 purple
0.35822064 0.71072066 0.061315417 green
0.87818855 0.381913 0.9282544 purple
0.48987252 0.6078305 0.6877679 blue
0.5220464 0.7843402 0.73486775 blue
0.65278405 0.71121734 0.9180782 blue
0.7949863 0.023541272 0.8252389 purple
0.37387663 0.8097177 0.9786828 blue
0.89430207 0.73979086 0.105199516 yellow
0.42047054 0.1288861 0.8764206 blue
0.26801264 0.40336758 0.5183448 grey
0.37883377 0.6002968 0.89906734 blue
0.6040645 0.6164018 0.44199777 grey
0.23143172 0.2952605 0.351265 grey
0.10866749 0.63538337 0.18626404 green
0.20472741 0.8409241 0.075813055 green
0.36757898 0.20424789 0.14696264 black
0.35222995 0.7458951 0.34650278 green
0.62501603 0.87524927 0.8363161 white
0.9038837 0.78997856 0.392847 yellow
0.66604257 0.38419187 0.3716321 red
0.8328161 0.23767507 0.097637534 red
0.13111788 0.831281 0.6106372 green
0.23681062 0.73387694 0.016229391 green
0.39552766 0.3165037 0.53540635 grey
0.8766174 0.042637587 0.12663263 orange
0.65297824 0.94359046 0.63315326 white
0.5467896 0.9975708 0.40658748 green
0.9948293 0.020504594 0.3870985 purple
0.4065826 0.40642017 0.21830487 grey
0.19144541 0.71483505 0.7565564 blue
0.8710927 0.32300967 0.30617857 red
0.98697037 0.39818758 0.40234095 red
0.8083496 0.8527128 0.3760478 yellow
0.62364024 0.8177941 0.99837065 blue
0.6546127 0.831911 0.9627411 blue
0.8205978 0.6402233 0.8697849 purple
0.7700716 0.15069449 0.4985916 purple
0.7910002 0.40004832 0.7652665 purple
0.96747226 0.41033882 0.37661678 orange
0.83546484 0.35281807 0.1661933 orange
0.13128692 0.6722513 0.34603417 green
0.6572736 0.45395476 0.076351404 yellow
0.34461218 0.7110206 0.3091333 green
0.21242219 0.95611554 0.07746774 green
0.0013360977 0.46142793 0.6474873 blue
0.98988694 0.99648714 0.211824 yellow
0.5578446 0.15335071 0.24189544 red
0.6008663 0.24609077 0.63448656 purple
0.27248144 0.4996677 0.046021402 green
0.9671056 0.9692071 0.35302436 yellow
0.80502623 0.09880453 0.03658694 red
0.36609423 0.6356178 0.8290695 blue
0.8417977 0.5594866 0.12199676 orange
0.43842024 0.3664769 0.6421929 purple
0.9604059 0.1660518 0.21403378 orange
0.54385835 0.9387306 0.14580941 green
0.70892984 0.8688574 0.36416513 green
0.4498124 0.90032864 0.51816016 green
0.16402054 0.41044676 0.68773854 blue
0.7564138 0.31435663 0.31723744 red
0.7117421 0.08198893 0.62931633 purple
0.38028085 0.38412184 0.15355837 green
0.20077032 0.9219374 0.940862 blue
0.520309 0.021530032 0.40075773 purple
0.26232767 0.041990876 0.6668089 blue
0.2047264 0.23315632 0.089332104 black
0.99271816 0.8646998 0.41028196 yellow
0.6522353 0.40446687 0.07188058 yellow
0.79267114 0.22526568 0.77150047 purple
0.75489724 0.90838516 0.6564869 white
0.4207279 0.22492963 0.90437824 blue
0.95960474 0.001023531 0.08252072 red
0.12910008 0.53593016 0.87899905 blue
0.65170485 0.2720698 0.036028624 orange
0.81794846 0.7812767 0.22798079 yellow
0.64281994 0.1293568 0.7802416 purple
0.26272893 0.09474319 0.6989691 blue
0.93918777 0.951052 0.18172324 yellow
0.81149894 0.17486197 0.06642085 orange
0.06399208 0.115401566 0.7573252 blue
0.1539545 0.31966788 0.81473374 blue
0.76995504 0.0050643682 0.37235957 purple
0.43803066 0.43216443 0.10503054 green
0.90154713 0.4389093 0.11121249 orange
0.34665465 0.028307974 0.3609352 purple
0.7281811 0.7949812 0.72753215 white
0.9603125 0.24375653 0.6420749 purple
0.7751084 0.55294925 0.9953138 purple
0.8674908 0.081540465 0.8126646 purple
0.5273216 0.32363874 0.92561996 blue
0.750138 0.9536744 0.2738884 yellow
0.6846129 0.59429324 0.1357429 yellow
0.50406235 0.42686325 0.50459874 grey
0.23495829 0.13872951 0.2549224 grey
0.18826914 0.7958588 0.30229318 green
0.18732643 0.47674257 0.19589156 green
0.124657154 0.9567997 0.30560535 green
0.22695857 0.15247637 0.13852596 grey
0.004008889 0.33327085 0.43166232 blue
0.7657346 0.711335 0.6670818 white
0.05495256 0.4208144 0.47226888 blue
0.37479705 0.9594929 0.31605893 green
0.46922046 0.087335646 0.14647782 red
0.28465676 0.6560914 0.8124417 blue
0.029133439 0.84073955 0.58634555 green
0.76167744 0.5819499 0.34072798 orange
0.21355075 0.7523638 0.94636947 blue
0.046343505 0.99137974 0.97726464 blue
0.6190718 0.5019238 0.84862345 purple
0.5201362 0.85264456 0.76879096 blue
0.06295931 0.96345145 0.25983506 green
0.89158154 0.44762838 0.19682586 orange
0.91433185 0.23605466 0.42077452 red
0.6825878 0.2483213 0.6133039 purple
0.28717375 0.4509874 0.21522063 green
0.17776668 9.4765425E-4 0.26741278 purple
0.7492735 0.5606873 0.22778004 orange
0.9326749 0.5791526 0.76925015 purple
0.21292037 0.53439355 0.056032717 green
0.48677546 0.55293465 0.9975926 blue
0.56396663 0.9857511 0.65172654 green
0.81251067 0.037734985 0.10271335 red
0.10326767 0.644307 0.8912897 blue
0.5027045 0.9388532 0.11969608 yellow
0.045295298 0.89763576 0.07526493 green
0.025545537 0.46799397 0.20047516 green
0.13732064 0.7353711 0.1382268 green
0.5398487 0.3549084 0.89153224 purple
0.6963718 0.6796021 0.46733135 white
0.7629874 0.62629443 0.33545864 orange
0.5388641 0.41703534 0.15669286 orange
0.19172657 0.49229264 0.59668815 blue
0.39593166 0.859311 0.93022114 blue
0.99396 0.1996339 0.8806455 purple
0.6092829 0.24311608 0.68580127 purple
0.8689757 0.07323384 0.9775442 purple
0.35133076 0.12343639 0.8653103 blue
0.90078545 0.420061 0.2434004 red
0.002976954 0.19014686 0.5768567 blue
0.0633592 0.3584609 0.5378602 blue
0.9326023 0.43215978 0.82208383 purple
0.8501736 0.7308583 0.13424909 yellow
0.84820104 0.35768545 0.94646156 purple
0.8421341 0.36892444 0.39064807 red
0.06110251 0.49037015 0.9993468 blue
0.6923399 0.46027458 0.1447947 orange
0.74033713 0.95197576 0.832132 white
0.7762094 0.94087404 0.9964932 white
0.7718009 0.73418075 0.16849 yellow
0.7311429 0.44751894 0.5974472 purple
0.6174586 0.14330214 0.7187142 purple
0.5308099 0.7163924 0.23791373 green
0.4773655 0.547758 0.38734895 grey
0.3516351 0.43776804 0.720489 blue
0.64096457 0.4662832 0.12399477 orange
0.10207975 0.7972201 0.08130807 green
0.33582264 0.747663 0.3672983 green
0.20370162 0.7159976 0.3239525 green
0.44021308 0.90468067 0.4797951 green
0.92990655 0.9707822 0.8937208 white
0.009591699 0.90337694 0.5425478 green
0.6828545 0.4807589 0.19005138 orange
0.104497194 0.57752347 0.22941458 green
0.22828567 0.060976803 0.022875965 red
0.3468328 0.43857157 0.9054869 blue
0.6172724 0.27965814 0.5740696 purple
0.7053107 0.2944606 0.71016204 purple
0.08123261 0.31779337 0.7896948 blue
0.007901013 0.7575658 0.23852336 green
0.94369584 0.2952115 0.9756441 purple
0.6654238 0.55046475 0.006531477 yellow
0.49539483 0.45682037 0.9007514 blue
0.4887514 0.91523683 0.7752032 white
0.3480777 0.0704447 0.44995618 purple
0.1394962 0.5944429 0.39633262 green
0.38031936 0.67066175 0.6271412 white
0.09473503 0.9356454 0.5875068 green
0.4585691 0.86325127 0.82571113 blue
0.5863426 0.8923959 0.8526886 white
0.65336573 0.8432596 0.98003596 white
0.2245968 0.54840344 0.2549529 green
0.041509807 0.13957572 0.62316495 blue
0.6699367 0.7182636 0.929143 white
0.5074581 0.3270082 0.674185 purple
0.4147303 0.71177787 0.692835 blue
0.5829644 0.04197508 0.85673416 purple
0.47109544 0.40545595 0.088049054 orange
0.6145704 0.37033027 0.09035063 orange
0.3647059 0.5411765 0.6588235 blue
0.9411765 1 0.972549 blue
0.6431373 0.7764706 0.2235294 green
0.9490196 0.9529412 0.9568627 white
0.9803922 0.9215686 0.8431373 white
0.5529412 0.7137255 0 green
0.2941177 0.3254902 0.1254902 green
0.9137255 0.8392157 0.4196078 yellow
0.5372549 0.9411765 0.8117647 blue
0.1294118 0.8039216 0.6705883 blue
1 0.8823529 0.2078431 yellow
0.7372549 0.9019608 0.8313726 blue
0 0 0 black
0.6745098 0.8980392 0.9333333 blue
0 0 1 blue
0 0.8666667 0.8666667 green
0 0.5843138 0.7137255 blue
0.8 0 0 red
0 0.4392157 1 blue
0.7960784 0.254902 0.3294118 red
0.4 1 0 green
0 0.2588235 0.145098 green
0.8 0.3333333 0 orange
0.372549 0.6196079 0.627451 blue
0 0.4196078 0.2352941 green
0.9294118 0.5294118 0.1764706 orange
0.8901961 0 0.1333333 red
1 0.9647059 0 yellow
0.1176471 0.3019608 0.1686275 green
0.6392157 0.6784314 0.7568628 blue
0.4705882 0.4196078 0.5254902 green
1 0.9372549 0 yellow
1 0.03137255 0 red
0 0.8 0.6 green
1 0 0.2196078 red
0.6 0.7294118 0.8666667 blue
0.9294118 0.5686275 0.1294118 orange
0.2862745 0.5921569 0.8156863 blue
0.1647059 0.3215686 0.7450981 blue
0 0.4784314 0.6470588 blue
0.8784314 0.2352941 0.1921569 red
1 0.654902 0 yellow
0.6078432 0.8666667 1 blue
0 0.3882353 0.1803922 black
1 0.2509804 0.2509804 red
0.3921569 0.5843138 0.9294118 blue
0 0 0.5450981 blue
0.6431373 0 0 red
0.3254902 0.4078431 0.4705882 blue
0.003921569 0.1960784 0.1254902 green
0.1019608 0.1411765 0.1294118 green
0 0.2 0.4 blue
0.3333333 0.4196078 0.1843137 green
1 0.5490196 0 orange
0.4666667 0.6196079 0.7960784 blue
0.01176471 0.7529412 0.2352941 green
0.5882353 0.4352941 0.8392157 purple
0.7607843 0.2313726 0.1333333 red
0 0.2 0.6 blue
0.5450981 0 0 red
0.5607843 0.7372549 0.5607843 green
0.282353 0.2392157 0.5450981 blue
0.09019608 0.4470588 0.2705882 green
0 0.4117647 0.2431373 green
0.8431373 0.03921569 0.3254902 red
0.9137255 0.4117647 0.172549 orange
0 0.2941177 0.2862745 green
0.1176471 0.5647059 1 blue
0 0 0.6117647 blue
0.8823529 0.6627451 0.372549 yellow
0.0627451 0.2039216 0.6509804 blue
0.4901961 0.9764706 1 blue
0 0.9960784 0 green
0.7490196 0 1 purple
1 0.9960784 0 yellow
0.5882353 0.6352941 0.7843137 blue
0.5019608 0.09411765 0.09411765 red
0.3098039 0.4745098 0.2588235 green
1 0.1568628 0 red
0.8078431 0.1254902 0.1607843 red
1 0.9803922 0.9411765 white
0.003921569 0.2666667 0.1294118 green
0 0.4470588 0.7333333 blue
0.972549 0.972549 1 white
1 0.8745098 0 yellow
0 1 0 green
0.6784314 0.1843137 1 yellow
0 1 0.4980392 green
0.2666667 0.4235294 0.8117647 blue
0.3215686 0.09411765 0.9803922 purple
0 0.4392157 0 green
0.2078431 0.3686275 0.2313726 green
0.07450981 0.5333334 0.03137255 green
0.8901961 0.6588235 0.3411765 yellow
0 0.1843137 0.654902 blue
1 0.3098039 0 orange
0 0.5647059 0 green
0.1607843 0.6705883 0.5294118 green
0.2980392 0.7333333 0.09019608 green
0.03137255 0.4705882 0.1882353 green
0.8 1 0.8 blue
0.5882353 0.4823529 0.7137255 purple
0.4862745 0.9882353 0 green
0.6784314 0.8470588 0.9019608 blue
0.5764706 0.8 0.9176471 blue
0.9803922 0.9803922 0.8235294 yellow
0.5647059 0.9333333 0.5647059 green
0.6941177 0.6117647 0.8509804 purple
0.1254902 0.6980392 0.6666667 green
0.5294118 0.8078431 0.9803922 blue
1 0.9294118 1 yellow
0.1960784 0.8039216 0.1960784 green
0.09803922 0.3490196 0.01960784 green
0.3764706 0.3137255 0.8627451 blue
0.4509804 0.7607843 0.9843137 blue
0 0 0.8039216 blue
0.8862745 0.02352941 0.172549 red
0.01176471 0.3137255 0.5882353 blue
0.1098039 0.2078431 0.1764706 green
0 0.4039216 0.6470588 blue
0.5764706 0.4392157 0.8588235 purple
0.2352941 0.7019608 0.4431373 green
0.4823529 0.4078431 0.9333333 blue
0 0.9803922 0.6039216 green
0 0.3294118 0.7058824 blue
0.7803922 0.5215687 0.08235294 red
0.09803922 0.09803922 0.4392157 blue
0 0.3254902 0.2862745 green
1 0.7686275 0.04705882 yellow
0.5960785 1 0.5960785 green
0.4509804 0.6627451 0.7607843 blue
0.6784314 0.8745098 0.6784314 green
0.09411765 0.2705882 0.2313726 green
0.1647059 0.5019608 0 green
1 0.8705882 0.6784314 white
0.2235294 1 0.07843138 green
0.6431373 0.8666667 0.9294118 blue
0 0.4666667 0.7450981 blue
1 0.4980392 0 orange
1 0.2705882 0 red
0.6 0 0 red
1 0.4313726 0.2901961 orange
0 0.1294118 0.2784314 blue
0 0.4 0 green
0.1529412 0.2313726 0.8862745 blue
0.4078431 0.1568628 0.3764706 purple
0.6862745 0.9333333 0.9333333 blue
0.6705883 0.8039216 0.9372549 blue
0.5960785 0.9843137 0.5960785 green
0.5882353 0.8705882 0.8196079 blue
0.4705882 0.09411765 0.2901961 purple
0.682353 0.7764706 0.8117647 blue
0.4666667 0.8666667 0.4666667 green
1 0.7019608 0.2784314 orange
0.7019608 0.6196079 0.7098039 purple
1 0.4117647 0.3803922 red
0.9921569 0.9921569 0.5882353 yellow
1 0.8 0.6 orange
0.9803922 0.8745098 0.6784314 yellow
0.1098039 0.2235294 0.7333333 blue
0 0.6509804 0.5764706 green
0.8509804 0.5647059 0.345098 orange
0.8 0.2 0.2 red
0 0.05882353 0.5372549 blue
0.07058824 0.2078431 0.1411765 green
0.003921569 0.4745098 0.4352941 green
1 0.3529412 0.2117647 orange
0.6901961 0.8784314 0.9019608 blue
1 0.5607843 0 orange
0 0.1921569 0.3254902 blue
0.6235294 0 0.772549 purple
1 0.2078431 0.3686275 red
1 0 0 red
0.6705883 0.3058824 0.3215686 red
0 0.2509804 0.2509804 black
0.03137255 0.572549 0.8156863 blue
0.254902 0.282353 0.2 green
0 0.8 0.8 blue
0 0.1372549 0.4 blue
0.4705882 0.3176471 0.6627451 purple
0 0.3372549 0.2470588 green
1 0.4039216 0 orange
0.3137255 0.4901961 0.1647059 green
1 0.8470588 0 yellow
0.4627451 1 0.4784314 green
0.1803922 0.5450981 0.3411765 green
1 0.7294118 0 yellow
0 0.6196079 0.3764706 green
0.5294118 0.8078431 0.9215686 blue
0.4156863 0.3529412 0.8039216 blue
0.0627451 0.04705882 0.03137255 black
0.9960784 0.9921569 1 white
0.2745098 0.509804 0.7058824 blue
0.1372549 0.1607843 0.4784314 blue
1 0.8 0 yellow
0.8156863 0.9411765 0.7529412 green
0.2117647 0.4588235 0.5333334 blue
0 0.427451 0.3568628 green
0.03921569 0.7294118 0.7098039 blue
0.9333333 0.9019608 0 yellow
0.9921569 0.05490196 0.2078431 red
0 0.4509804 0.8117647 blue
0.254902 0.4901961 0.7568628 blue
0 1 0.9372549 blue
0.627451 0.8392157 0.7058824 green
0.4 0.2588235 0.3019608 red
0.4 0.007843138 0.2352
